   0.0000000000000000        4.6875000698491931E-003
   6.8359375000000000E-003   5.2220453390859917E-003
   1.3671875000000000E-002   5.6456728922563149E-003
   2.0507812500000000E-002   6.0077043725628148E-003
   2.7343750000000000E-002   6.3290875714693030E-003
   3.4179687500000000E-002   6.6210506044614651E-003
   4.1015625000000000E-002   6.8904431996996921E-003
   4.7851562500000000E-002   7.1418090755841343E-003
   5.4687500000000000E-002   7.3783454841858760E-003
   6.1523437500000000E-002   7.6024033171953071E-003
   6.8359375000000000E-002   7.8157710582401167E-003
   7.5195312500000000E-002   8.0198468592949136E-003
   8.2031250000000000E-002   8.2157483173217437E-003
   8.8867187500000000E-002   8.4043854835579596E-003
   9.5703125000000000E-002   8.5865111221240242E-003
  0.10253906250000000        8.7627563258461851E-003
  0.10937500000000000        8.9336563886715792E-003
  0.11621093750000000        9.0996700070578376E-003
  0.12304687500000000        9.2611937994492733E-003
  0.12988281250000000        9.4185734678461468E-003
  0.13671875000000000        9.5721125044935084E-003
  0.14355468750000000        9.7220790730203795E-003
  0.15039062500000000        9.8687115111383422E-003
  0.15722656250000000        1.0012222778083011E-002
  0.16406250000000000        1.0152804084076209E-002
  0.17089843750000000        1.0290627878498451E-002
  0.17773437500000000        1.0425850330052517E-002
  0.18457031250000000        1.0558613400649283E-002
  0.19140625000000000        1.0689046591513058E-002
  0.19824218750000000        1.0817268422685340E-002
  0.20507812500000000        1.0943387694052268E-002
  0.21191406250000000        1.1067504566079101E-002
  0.21875000000000000        1.1189711490790536E-002
  0.22558593750000000        1.1310094017604230E-002
  0.23242187500000000        1.1428731493984478E-002
  0.23925781250000000        1.1545697677223851E-002
  0.24609375000000000        1.1661061270754057E-002
  0.25292968750000000        1.1774886396062568E-002
  0.25976562500000000        1.1887233009420118E-002
  0.26660156250000000        1.1998157271108312E-002
  0.27343750000000000        1.2107711873601731E-002
  0.28027343750000000        1.2215946334147274E-002
  0.28710937500000000        1.2322907256350622E-002
  0.29394531250000000        1.2428638564690406E-002
  0.30078125000000000        1.2533181715307750E-002
  0.30761718750000000        1.2636575885940275E-002
  0.31445312500000000        1.2738858147468500E-002
  0.32128906250000000        1.2840063619204565E-002
  0.32812500000000000        1.2940225609767743E-002
  0.33496093750000000        1.3039375745148797E-002
  0.34179687500000000        1.3137544085359002E-002
  0.34863281250000000        1.3234759230883372E-002
  0.35546875000000000        1.3331048420006604E-002
  0.36230468750000000        1.3426437617950383E-002
  0.36914062500000000        1.3520951598648665E-002
  0.37597656250000000        1.3614614019890763E-002
  0.38281250000000000        1.3707447492478042E-002
  0.38964843750000000        1.3799473643966971E-002
  0.39648437500000000        1.3890713177507705E-002
  0.40332031250000000        1.3981185926231600E-002
  0.41015625000000000        1.4070910903592516E-002
  0.41699218750000000        1.4159906350023729E-002
  0.42382812500000000        1.4248189776234882E-002
  0.43066406250000000        1.4335778003439976E-002
  0.43750000000000000        1.4422687200778212E-002
  0.44433593750000000        1.4508932920163409E-002
  0.45117187500000000        1.4594530128774772E-002
  0.45800781250000000        1.4679493239381169E-002
  0.46484375000000000        1.4763836138672989E-002
  0.47167968750000000        1.4847572213759191E-002
  0.47851562500000000        1.4930714376972805E-002
  0.48535156250000000        1.5013275089114974E-002
  0.49218750000000000        1.5095266381256005E-002
  0.49902343750000000        1.5176699875201505E-002
  0.50585937500000000        1.5257586802722050E-002
  0.51269531250000000        1.5337938023636604E-002
  0.51953125000000000        1.5417764042831997E-002
  0.52636718750000000        1.5497075026294087E-002
  0.53320312500000000        1.5575880816219762E-002
  0.54003906250000000        1.5654190945273469E-002
  0.54687500000000000        1.5732014650046644E-002
  0.55371093750000000        1.5809360883773937E-002
  0.56054687500000000        1.5886238328355683E-002
  0.56738281250000000        1.5962655405732433E-002
  0.57421875000000000        1.6038620288653611E-002
  0.58105468750000000        1.6114140910879350E-002
  0.58789062500000000        1.6189224976851577E-002
  0.59472656250000000        1.6263879970867590E-002
  0.60156250000000000        1.6338113165787205E-002
  0.60839843750000000        1.6411931631302022E-002
  0.61523437500000000        1.6485342241793481E-002
  0.62207031250000000        1.6558351683804415E-002
  0.62890625000000000        1.6630966463147087E-002
  0.63574218750000000        1.6703192911669086E-002
  0.64257812500000000        1.6775037193697009E-002
  0.64941406250000000        1.6846505312176498E-002
  0.65625000000000000        1.6917603114525899E-002
  0.66308593750000000        1.6988336298219747E-002
  0.66992187500000000        1.7058710416117145E-002
  0.67675781250000000        1.7128730881549127E-002
  0.68359375000000000        1.7198402973178220E-002
  0.69042968750000000        1.7267731839642527E-002
  0.69726562500000000        1.7336722503995913E-002
  0.70410156250000000        1.7405379867955133E-002
  0.71093750000000000        1.7473708715964029E-002
  0.71777343750000000        1.7541713719084376E-002
  0.72460937500000000        1.7609399438722320E-002
  0.73144531250000000        1.7676770330198797E-002
  0.73828125000000000        1.7743830746171856E-002
  0.74511718750000000        1.7810584939918356E-002
  0.75195312500000000        1.7877037068481958E-002
  0.75878906250000000        1.7943191195694128E-002
  0.76562500000000000        1.8009051295074231E-002
  0.77246093750000000        1.8074621252614650E-002
  0.77929687500000000        1.8139904869456477E-002
  0.78613281250000000        1.8204905864460878E-002
  0.79296875000000000        1.8269627876681203E-002
  0.79980468750000000        1.8334074467740359E-002
  0.80664062500000000        1.8398249124117912E-002
  0.81347656250000000        1.8462155259351076E-002
  0.82031250000000000        1.8525796216153488E-002
  0.82714843750000000        1.8589175268455486E-002
  0.83398437500000000        1.8652295623369480E-002
  0.84082031250000000        1.8715160423083653E-002
  0.84765625000000000        1.8777772746687255E-002
  0.85449218750000000        1.8840135611930410E-002
  0.86132812500000000        1.8902251976921348E-002
  0.86816406250000000        1.8964124741763705E-002
  0.87500000000000000        1.9025756750136492E-002
  0.88183593750000000        1.9087150790819171E-002
  0.88867187500000000        1.9148309599164123E-002
  0.89550781250000000        1.9209235858518720E-002
  0.90234375000000000        1.9269932201599123E-002
  0.90917968750000000        1.9330401211817748E-002
  0.91601562500000000        1.9390645424566311E-002
  0.92285156250000000        1.9450667328456288E-002
  0.92968750000000000        1.9510469366518454E-002
  0.93652343750000000        1.9570053937363177E-002
  0.94335937500000000        1.9629423396302987E-002
  0.95019531250000000        1.9688580056438976E-002
  0.95703125000000000        1.9747526189712348E-002
  0.96386718750000000        1.9806264027922568E-002
  0.97070312500000000        1.9864795763713330E-002
  0.97753906250000000        1.9923123551527627E-002
  0.98437500000000000        1.9981249508533049E-002
  0.99121093750000000        2.0039175715518494E-002
  0.99804687500000000        2.0096904217763313E-002
   1.0048828125000000        2.0154437025879934E-002
   1.0117187500000000        2.0211776116630976E-002
   1.0185546875000000        2.0268923433721730E-002
   1.0253906250000000        2.0325880888568987E-002
   1.0322265625000000        2.0382650361046983E-002
   1.0390625000000000        2.0439233700211366E-002
   1.0458984375000000        2.0495632725001919E-002
   1.0527343750000000        2.0551849224924836E-002
   1.0595703125000000        2.0607884960715216E-002
   1.0664062500000000        2.0663741664980542E-002
   1.0732421875000000        2.0719421042825766E-002
   1.0800781250000000        2.0774924772460630E-002
   1.0869140625000000        2.0830254505789871E-002
   1.0937500000000000        2.0885411868986868E-002
   1.1005859375000000        2.0940398463051305E-002
   1.1074218750000000        2.0995215864351394E-002
   1.1142578125000000        2.1049865625151168E-002
   1.1210937500000000        2.1104349274123364E-002
   1.1279296875000000        2.1158668316848331E-002
   1.1347656250000000        2.1212824236299489E-002
   1.1416015625000000        2.1266818493315711E-002
   1.1484375000000000        2.1320652527061119E-002
   1.1552734375000000        2.1374327755472659E-002
   1.1621093750000000        2.1427845575695850E-002
   1.1689453125000000        2.1481207364509123E-002
   1.1757812500000000        2.1534414478737079E-002
   1.1826171875000000        2.1587468255653022E-002
   1.1894531250000000        2.1640370013371123E-002
   1.1962890625000000        2.1693121051228514E-002
   1.2031250000000000        2.1745722650157662E-002
   1.2099609375000000        2.1798176073049274E-002
   1.2167968750000000        2.1850482565106071E-002
   1.2236328125000000        2.1902643354187699E-002
   1.2304687500000000        2.1954659651147016E-002
   1.2373046875000000        2.2006532650158069E-002
   1.2441406250000000        2.2058263529035955E-002
   1.2509765625000000        2.2109853449548876E-002
   1.2578125000000000        2.2161303557722539E-002
   1.2646484375000000        2.2212614984137194E-002
   1.2714843750000000        2.2263788844217512E-002
   1.2783203125000000        2.2314826238515502E-002
   1.2851562500000000        2.2365728252986654E-002
   1.2919921875000000        2.2416495959259538E-002
   1.2988281250000000        2.2467130414899051E-002
   1.3056640625000000        2.2517632663663450E-002
   1.3125000000000000        2.2568003735755383E-002
   1.3193359375000000        2.2618244648067106E-002
   1.3261718750000000        2.2668356404419998E-002
   1.3330078125000000        2.2718339995798559E-002
   1.3398437500000000        2.2768196400579078E-002
   1.3466796875000000        2.2817926584753075E-002
   1.3535156250000000        2.2867531502145676E-002
   1.3603515625000000        2.2917012094629052E-002
   1.3671875000000000        2.2966369292331104E-002
   1.3740234375000000        2.3015604013839425E-002
   1.3808593750000000        2.3064717166400812E-002
   1.3876953125000000        2.3113709646116285E-002
   1.3945312500000000        2.3162582338131864E-002
   1.4013671875000000        2.3211336116825156E-002
   1.4082031250000000        2.3259971845987874E-002
   1.4150390625000000        2.3308490379004398E-002
   1.4218750000000000        2.3356892559026482E-002
   1.4287109375000000        2.3405179219144201E-002
   1.4355468750000000        2.3453351182553268E-002
   1.4423828125000000        2.3501409262718754E-002
   1.4492187500000000        2.3549354263535386E-002
   1.4560546875000000        2.3597186979484409E-002
   1.4628906250000000        2.3644908195787219E-002
   1.4697265625000000        2.3692518688555739E-002
   1.4765625000000000        2.3740019224939703E-002
   1.4833984375000000        2.3787410563270866E-002
   1.4902343750000000        2.3834693453204252E-002
   1.4970703125000000        2.3881868635856538E-002
   1.5039062500000000        2.3928936843941546E-002
   1.5107421875000000        2.3975898801903057E-002
   1.5175781250000000        2.4022755226044887E-002
   1.5244140625000000        2.4069506824658360E-002
   1.5312500000000000        2.4116154298147233E-002
   1.5380859375000000        2.4162698339150128E-002
   1.5449218750000000        2.4209139632660501E-002
   1.5517578125000000        2.4255478856144295E-002
   1.5585937500000000        2.4301716679655219E-002
   1.5654296875000000        2.4347853765947797E-002
   1.5722656250000000        2.4393890770588206E-002
   1.5791015625000000        2.4439828342062965E-002
   1.5859375000000000        2.4485667121885490E-002
   1.5927734375000000        2.4531407744700650E-002
   1.5996093750000000        2.4577050838387245E-002
   1.6064453125000000        2.4622597024158602E-002
   1.6132812500000000        2.4668046916661204E-002
   1.6201171875000000        2.4713401124071461E-002
   1.6269531250000000        2.4758660248190668E-002
   1.6337890625000000        2.4803824884538174E-002
   1.6406250000000000        2.4848895622442795E-002
   1.6474609375000000        2.4893873045132544E-002
   1.6542968750000000        2.4938757729822677E-002
   1.6611328125000000        2.4983550247802123E-002
   1.6679687500000000        2.5028251164518331E-002
   1.6748046875000000        2.5072861039660527E-002
   1.6816406250000000        2.5117380427241494E-002
   1.6884765625000000        2.5161809875677846E-002
   1.6953125000000000        2.5206149927868845E-002
   1.7021484375000000        2.5250401121273792E-002
   1.7089843750000000        2.5294563987988055E-002
   1.7158203125000000        2.5338639054817688E-002
   1.7226562500000000        2.5382626843352785E-002
   1.7294921875000000        2.5426527870039472E-002
   1.7363281250000000        2.5470342646250647E-002
   1.7431640625000000        2.5514071678355506E-002
   1.7500000000000000        2.5557715467787789E-002
