0 0.0046875000000000145717
0.0002836508495074264633 0.0048148383672582933251
0.00057013820750992719177 0.0048776881370898705209
0.00085949043909245290748 0.0049288197361029859392
0.0011517361929908038858 0.0049773747019226308175
0.001446904404428138273 0.0050251129583285276264
0.0017450242979798460605 0.0050724122543721198234
0.0020461253904670712034 0.0051193732110690086043
0.0023502374938791682768 0.0051660391993695511242
0.0026573907183253865118 0.005212436975414476599
0.0029676154750160671156 0.0052585907071048092198
0.003280942479273654417 0.0053045191044322360235
0.0035974027535738174743 0.005350242393485983225
0.0039170276306169822533 0.0053957756366551168706
0.0042398487564305788189 0.0054411367087262539621
0.0045658980935023114542 0.0054863385024298454498
0.0048952079239447613551 0.0055313103231702537982
0.0052278108526916354515 0.0055761127101007501583
0.0055637398107259783755 0.00562075032338426369
0.0059030280583406650324 0.0056652328895131541867
0.0062457091884314981656 0.0057095713531123597553
0.0065918171298232396474 0.0057537765991493997411
0.0069413861506288981537 0.0057978589618029657479
0.0072944508616426132278 0.005841827929565770669
0.0076510462197664653311 0.005885692013222397663
0.0080112075314715570917 0.0059294588828207170014
0.0083749704562936996832 0.0059731358385089992902
0.0087423710103640625557 0.0060167305019292642923
0.0091134455699751291263 0.006060251422413464456
0.0094882308751823071086 0.0061037082707556073943
0.0098667640334415569053 0.006147111497141084617
0.010249082523283398888 0.0061904716033918108162
0.010635224198023658648 0.0062337983263609725651
0.011025227289511321457 0.0062772820865121398137
0.011419130411913861953 0.006320082189763737146
0.011816972565540427229 0.006362724360876035809
0.012218793140703258435 0.0064052471705274907632
0.012624631921617716912 0.0064476612032074338832
0.013034529090341320789 0.0064899717161669354115
0.013448525230752159804 0.0065321824730895589398
0.013866661332567108145 0.0065742967908821040371
0.014288978795400204824 0.0066163176502278481586
0.014715519432861633511 0.0066582477416478654669
0.015146325476697676538 0.0067000898893075522961
0.015581439580972080219 0.0067418463666387949684
0.016020904826289227019 0.0067835200770168741294
0.016464764724059544748 0.0068251129337381245127
0.01691306322080756569 0.0068666279395222006368
0.017365844702523069304 0.0069080667544389080803
0.017823153999055724866 0.0069494324167294792283
0.018285036388553707609 0.006990726596232596339
0.018751537601946671741 0.0070319519951870064142
0.019222703827473566068 0.0070749543148579830537
0.019698581715255729374 0.0071179842268832144159
0.020179218381915713099 0.0071610505826534241736
0.020664661415242296244 0.0072041572592195712507
0.02115495887890214699 0.0072473077023964167787
0.021650159317198595932 0.0072905054729697554503
0.022150311759878010126 0.0073337541802474147043
0.022655465726984215513 0.0073770572956967702533
0.023165671233761484654 0.0074204179873513069488
0.023680978795606526938 0.0074638390919411021912
0.024201439433070019019 0.0075073233135527512455
0.02472710467690814734 0.0075508736516460249477
0.025258026573184655383 0.0075944938878105810315
0.025794257688423929964 0.0076381888568504939518
0.026335851114815594931 0.0076819642951317761159
0.026882860475471177797 0.007725826289861071651
0.027435339929733317671 0.0077697805453133027623
0.02799334417853807655 0.0078140952932358297839
0.028556928469830884787 0.0078581627154423461246
0.029126148604036620343 0.0079018702683712471746
0.029701060939584411624 0.0079455347733947846028
0.030281722398487680853 0.0079891897539105753007
0.030868190471979983086 0.0080328406493055358462
0.031460523226207209868 0.0080764893583520434156
0.032058779307976709161 0.0081201372429000207714
0.032663017950563900949 0.0081637851981203636564
0.033273298979576967915 0.0082074339847553884342
0.033889682818880162429 0.0082510844931337895547
0.034512230496576389027 0.0082947371766110538499
0.035141003651049579348 0.00833839332984215309
0.035776064537067504834 0.0083820531458996382773
0.03641747603194561006 0.0084257184214594632587
0.037065301641772491203 0.0084693891225810901541
0.037719605507697644142 0.0085130674021867830392
0.038380452412282044239 0.0085567531792424648962
0.039047907785912293332 0.0086004486909759276375
0.039722037713278840476 0.008645963227240125587
0.040402908939919053577 0.0086915863495611415945
0.041087352440901080131 0.0087371072603867772771
0.041771795941883106684 0.0087822931021029806281
0.042456239442865133238 0.0088271520010221524166
0.043140682943847159792 0.0088716919996330700221
0.043825126444829186345 0.0089159209212839873882
0.044509569945811212899 0.0089598462052605729045
0.045194013446793239452 0.0090034748220125960377
0.045878456947775266006 0.0090468133860167766064
0.04656290044875729256 0.0090898684673220257746
0.047247343949739319113 0.0091326469734907388814
0.047931787450721345667 0.0091751563834176971812
0.048616230951703372221 0.0092174046653431748743
0.049300674452685398774 0.0092593998784968999799
0.049985117953667425328 0.0093011496315613846619
0.050669561454649451882 0.0093426605958177345868
0.051354004955631478435 0.0093841542236589997605
0.052038448456613504989 0.0094247723879287443466
0.052722891957595531542 0.0094650616814883521688
0.053407335458577558096 0.0095050347530482356267
0.05409177895955958465 0.0095446998418030164213
0.054776222460541611203 0.0095840631692845814488
0.055460665961523637757 0.0096231298578032305885
0.056145109462505664311 0.0096619048747137951244
0.056829552963487690864 0.0097003926863607273234
0.057513996464469717418 0.0097385975354681124372
0.058198439965451743972 0.0097765236628713503286
0.058882883466433770525 0.0098141748696464539692
0.059567326967415797079 0.0098515556380306713857
0.060251770468397823632 0.0098886693210622281236
0.060936213969379850186 0.0099255208629140893178
0.06162065747036187674 0.0099621130697280027566
0.062305100971343903293 0.0099984512258578933652
0.062989544472325936786 0.010034537562464144328
0.063673987973307963339 0.010070377691371684009
0.064358431474289989893 0.010105973316223223687
0.065042874975272016447 0.01014133026777787154
0.065727318476254043 0.010177836031274730202
0.066411761977236069554 0.010214144294627292703
0.067096205478218096108 0.01025027161312988197
0.067780648979200122661 0.010286221929702209221
0.068465092480182149215 0.010321998303580178988
0.069149535981164175769 0.010357603683444958562
0.069833979482146202322 0.010393041027438300328
0.070518422983128228876 0.010428313285343417116
0.071202866484110255429 0.010463423350140440421
0.071887309985092281983 0.010498374007642301275
0.072571753486074308537 0.010533167909026032796
0.07325619698705633509 0.010567807590733696577
0.073940640488038361644 0.010602295540212136604
0.074625083989020388198 0.010636634291755773032
0.075309527490002414751 0.01067082657331347266
0.075993970990984441305 0.010704875367531629243
0.076678414491966467859 0.010738783903064480843
0.077362857992948494412 0.010772555577929662091
0.078047301493930520966 0.010806193804019818133
0.078731744994912547519 0.010839701829591086996
0.079416188495894574073 0.010873082578828307393
0.080100631996876600627 0.010906338539256776182
0.08078507549785862718 0.010939680343542517588
0.081469518998840653734 0.010972657331379021689
0.082153962499822680288 0.011005171592586036888
0.082838406000804706841 0.01103748423866974214
0.083522849501786733395 0.011069617697816598254
0.084207293002768759949 0.011101576178285844573
0.084891736503750786502 0.011133362569148977025
0.085576180004732813056 0.011164978901550753204
0.086260623505714839609 0.011196427462745225934
0.086945067006696866163 0.011227709882360568938
0.087629510507678892717 0.01125882809025414294
0.08831395400866091927 0.011289783621767352298
0.088998397509642945824 0.011320578141299690242
0.089682841010624972378 0.011351213291138771699
0.090367284511606998931 0.011381690468526182991
0.091051728012589025485 0.011412011673061852463
0.091736171513571052039 0.011442178029314629614
0.092420615014553078592 0.011472191799264465015
0.093105058515535105146 0.011502053806417401535
0.093789502016517131699 0.011531766679061096134
0.094473945517499158253 0.011561330870239109811
0.095158389018481184807 0.011590749347722499249
0.09584283251946321136 0.011620022175545389673
0.096527276020445237914 0.011649152631085429865
0.097211719521427264468 0.011678140454557122893
0.097896163022409291021 0.011706989217583823465
0.098580606523391317575 0.011736832069120151437
0.099265050024373344129 0.011766567078062664317
0.099949493525355370682 0.011796198806855973454
0.10063393702633739724 0.011825728850513672272
0.10131838052731942379 0.011855158551393324418
0.10200282402830145034 0.011884489230797781745
0.1026872675292834769 0.011913722232652707717
0.10337171103026550345 0.011942858930697203973
0.10405615453124753 0.011971900734187588058
0.10474059803222955656 0.012000849059124176973
0.10542504153321158311 0.012029705325510979194
0.10610948503419360966 0.01205847094104441769
0.10679392853517563622 0.012087147302876789096
0.10747837203615766277 0.012115735796793654366
0.10816281553713968933 0.012144237819019255628
0.10884725903812171588 0.012172654812147304035
0.10953170253910374243 0.012200988314160800957
0.11021614604008576899 0.012229239988874840775
0.11090058954106779554 0.012257411644930642919
0.11158503304204982209 0.012285505224597205801
0.11226947654303184865 0.012313522755287952329
0.1129539200440138752 0.012341466311481525189
0.11363836354499590175 0.012369337914880254234
0.11432280704597792831 0.012397139464487642521
0.11500725054695995486 0.01242487264929641351
0.11569169404794198142 0.012452538943013366154
0.11637613754892400797 0.012480139552326970087
0.11706058104990603452 0.012507867815508152964
0.11774502455088806108 0.012535053064576940143
0.11842946805187008763 0.012562132890558685983
0.11911391155285211418 0.0125891035396806239
0.11979835505383414074 0.012615967377354809359
0.12048279855481616729 0.012642726044478570097
0.12116724205579819384 0.01266938046846173907
0.1218516855567802204 0.012695932137504969267
0.12253612905776224695 0.01272238166435175899
0.12322057255874427351 0.012748730546460505103
0.12390501605972630006 0.012774979187979493625
0.12458945956070832661 0.012801129150361547498
0.12527390306169036704 0.012827180654449054503
0.12595834656267240748 0.012853135326683593279
0.12664279006365444791 0.012878993240748487156
0.12732723356463648834 0.012904756065676875262
0.12801167706561852877 0.012930423676796129473
0.1286961205666005692 0.012955997841702785942
0.12938056406758260963 0.012981478264950711832
0.13006500756856465006 0.013006866617361351884
0.1307494510695466905 0.013032162446050252202
0.13143389457052873093 0.013057367454578052562
0.13211833807151077136 0.013082481126901929908
0.13280278157249281179 0.013107505292261440941
0.13348722507347485222 0.013132439431890248482
0.13417166857445689265 0.013157285706397747055
0.13485611207543893308 0.013182043599993675462
0.13554055557642097352 0.013206715601170546451
0.13622499907740301395 0.013231301062683571007
0.13690944257838505438 0.01325580287789636727
0.13759388607936709481 0.013280220103709836424
0.13827832958034913524 0.013304989894398881051
0.13896277308133117567 0.013330299522061658107
0.1396472165823132161 0.013355550910115563529
0.14033166008329525654 0.013380744738043251485
0.14101610358427729697 0.013405881363935997358
0.1417005470852593374 0.013430961104543672271
0.14238499058624137783 0.01345598428819794537
0.14306943408722341826 0.013480951306892722738
0.14375387758820545869 0.013505862656438168135
0.14443832108918749912 0.013530718959782734798
0.14512276459016953956 0.013555520965587115195
0.14580720809115157999 0.013580269527281018174
0.14649165159213362042 0.013604965567209329966
0.14717609509311566085 0.013629610049941929401
0.14786053859409770128 0.013654203945074661064
0.14854498209507974171 0.013678748187575258399
0.14922942559606178214 0.013703243713650822833
0.14991386909704382258 0.013727691422740089661
0.15059831259802586301 0.013752092184601898486
0.15128275609900790344 0.013776446848586386407
0.15196719959998994387 0.013800756261579909603
0.1526516431009719843 0.013825021251824340732
0.15333608660195402473 0.013849242647729197858
0.15402053010293606516 0.013873421311962131838
0.1547049736039181056 0.013897558072842784715
0.15538941710490014603 0.01392165370353378416
0.15607386060588218646 0.013945708902084108169
0.15675830410686422689 0.013969724260801634833
0.15744274760784626732 0.013993700256676202404
0.15812719110882830775 0.014017637242665709901
0.15881163460981034818 0.014041535445779546043
0.15949607811079238862 0.014065681667991644654
0.16018052161177442905 0.014089457590752873378
0.16086496511275646948 0.01411297421248890703
0.16154940861373850991 0.014136397476857465172
0.16223385211472055034 0.014159741671691948584
0.16291829561570259077 0.014183008999672353997
0.1636027391166846312 0.014206200035608336149
0.16428718261766667164 0.014229315932917124821
0.16497162611864871207 0.014252356794674726076
0.1656560696196307525 0.014275323850154170505
0.16634051312061279293 0.014298216934027134159
0.16702495662159483336 0.014321037645799851099
0.16770940012257687379 0.014343785705355698717
0.16839384362355891422 0.014366463250838526489
0.16907828712454095466 0.014389069893462233876
0.16976273062552299509 0.014411608320133080866
0.17044717412650503552 0.014434077896903877575
0.17113161762748707595 0.014456481552277290065
0.17181606112846911638 0.014478818259683218575
0.17250050462945115681 0.014501091228128088276
0.17318494813043319724 0.014523298909563065948
0.17386939163141523768 0.014545444778786810469
0.17455383513239727811 0.014567526730400568932
0.17523827863337931854 0.014589548560101167629
0.17592272213436135897 0.014611507536473208879
0.1766071656353433994 0.01463340783747772364
0.17729160913632543983 0.014655246000479391077
0.17797605263730748026 0.014677026674173098558
0.1786604961382895207 0.014698745767792486747
0.17934493963927156113 0.01472040834045835675
0.18002938314025360156 0.014742009540789170752
0.18071382664123564199 0.014763555046737691229
0.18139827014221768242 0.014785039287877624337
0.18208271364319972285 0.014806468355390213498
0.18276715714418176328 0.014827837156996858184
0.18345160064516380372 0.014850183939634763533
0.18413604414614584415 0.014872520477637710817
0.18482048764712788458 0.014894819198680775071
0.18550493114810992501 0.014917080069665574621
0.18618937464909196544 0.01493930283348131674
0.18687381815007400587 0.014961487347644884111
0.1875582616510560463 0.014983633603403080647
0.18824270515203808674 0.015005741706397193735
0.18892714865302012717 0.015027811847137655457
0.1896115921540021676 0.015049844291496142917
0.19029603565498420803 0.015071839399618329816
0.19098047915596624846 0.015093797658395918457
0.19166492265694828889 0.015115719711472014666
0.19234936615793032932 0.015137606334002028791
0.19303380965891236976 0.015159458501362571906
0.19371825315989441019 0.015181277338932517434
0.19440269666087645062 0.015203064075012283352
0.19508714016185849105 0.015224819996429142868
0.19577158366284053148 0.015246546408467171255
0.19645602716382257191 0.015268244613060009268
0.19714047066480461234 0.015289915888850234144
0.19782491416578665278 0.015311561473246174461
0.19850935766676869321 0.015333182532888480626
0.19919380116775073364 0.015354780183448999212
0.19987824466873277407 0.015376355447707492144
0.2005626881697148145 0.015397909249604005422
0.20124713167069685493 0.015419442411295437162
0.20193157517167889536 0.015440955639024818435
0.2026160186726609358 0.015462449520597557756
0.20330046217364297623 0.015483924505506899832
0.20398490567462501666 0.015505380936872020098
0.20466934917560705709 0.01552681903982577015
0.20535379267658909752 0.015548238878892315512
0.20603823617757113795 0.01556964041835618047
0.20672267967855317838 0.015591023481018701294
0.20740712317953521882 0.01561238102189942481
0.20809156668051725925 0.015634150082203132626
0.20877601018149929968 0.01565525801703297748
0.20946045368248134011 0.015676303703037831883
0.21014489718346338054 0.015697290845695925643
0.21082934068444542097 0.01571822075369273472
0.2115137841854274614 0.015739093561762850654
0.21219822768640950184 0.015759909798805413206
0.21288267118739154227 0.015780669394621284207
0.2135671146883735827 0.015801372963837094499
0.21425155818935562313 0.015822020335518889589
0.21493600169033766356 0.015842612210561584501
0.21562044519131970399 0.015863148233643521723
0.21630488869230174442 0.015883629305907680934
0.21698933219328378486 0.015904054953774802994
0.21767377569426582529 0.015924425986710049469
0.21835821919524786572 0.015944741939802133807
0.21904266269622990615 0.015965003791249567783
0.21972710619721194658 0.01598521102403754196
0.22041154969819398701 0.016005364610537149705
0.22109599319917602744 0.016025463986603503963
0.22178043670015806788 0.016045510173999515124
0.22246488020114010831 0.016065502696608596062
0.22314932370212214874 0.016085442653185458989
0.22383376720310418917 0.016105329616425429623
0.2245182107040862296 0.016125164741135868812
0.22520265420506827003 0.016144947613609492848
0.22588709770605031046 0.016164679429031471314
0.2265715412070323509 0.016184359772006641498
0.22725598470801439133 0.01620398987336005292
0.22794042820899643176 0.016223569294282178671
0.22862487170997847219 0.016243099296111129098
0.22930931521096051262 0.016262579383363784391
0.22999375871194255305 0.01628201078961628509
0.23067820221292459348 0.016301392955841671056
0.23136264571390663392 0.016320727169781390486
0.23204708921488867435 0.016340012571406506425
0.23273153271587071478 0.01635925064345054511
0.23341597621685275521 0.0163784379259910573
0.23410041971783479564 0.016398654593157334369
0.23478486321881683607 0.016418842142210517132
0.2354693067197988765 0.016439039589953532983
0.23615375022078091694 0.0164592112556147252
0.23683819372176295737 0.016479357744921391965
0.2375226372227449978 0.016499479287452861048
0.23820708072372703823 0.016519576136840470604
0.23889152422470907866 0.01653964857955378398
0.23957596772569111909 0.016559696917687945217
0.24026041122667315952 0.016579721472286413492
0.24094485472765519996 0.016599722570176566466
0.24162929822863724039 0.016619700539308196463
0.24231374172961928082 0.016639655701869308924
0.24299818523060132125 0.016659588405282553525
0.24368262873158336168 0.016679499004887205632
0.24436707223256540211 0.016699387857378636402
0.24505151573354744254 0.016719255350278662553
0.24573595923452948298 0.016739101883664838505
0.24642040273551152341 0.016758927954369652602
0.24710484623649356384 0.016778734035857063855
0.24778928973747560427 0.016798520588921807967
0.2484737332384576447 0.016818288083834165986
0.24915817673943968513 0.016838037019100103586
0.24984262024042172556 0.016857767914796966541
0.250527063741403766 0.016877481301003586373
0.25121150724238577867 0.016897177706513069606
0.25189595074336779135 0.01691685765559668847
0.25258039424434980402 0.016936521656835318295
0.2532648377453318167 0.016956170186749022072
0.25394928124631382937 0.016975803676403656423
0.25463372474729584205 0.016995422506727583117
0.25531816824827785473 0.017015026991134350742
0.2560026117492598674 0.017034617364284139474
0.25668705525024188008 0.017054193790388732371
0.25737149875122389275 0.017073756356089379166
0.25805594225220590543 0.017093305089996523732
0.25874038575318791811 0.017112839968875782903
0.25942482925416993078 0.017132360952277346511
0.26010927275515194346 0.017151867929437604465
0.26079371625613395613 0.017171360723653744662
0.26147815975711596881 0.01719138734754186229
0.26216260325809798148 0.017210743602000373731
0.26284704675907999416 0.017229994971141020244
0.26353149026006200684 0.017249200083893370672
0.26421593376104401951 0.017268369971330417567
0.26490037726202603219 0.01728750568653988906
0.26558482076300804486 0.017306607421166401994
0.26626926426399005754 0.0173256753723953702
0.26695370776497207022 0.017344709618531423817
0.26763815126595408289 0.017363710487237053737
0.26832259476693609557 0.017382677984804317112
0.26900703826791810824 0.017401612592254856599
0.26969148176890012092 0.017420514202725223551
0.27037592526988213359 0.017439383597393290359
0.27106036877086414627 0.017458220483183739535
0.27174481227184615895 0.017477025683080869844
0.27242925577282817162 0.017495798675977305286
0.2731136992738101843 0.017514540530778371225
0.27379814277479219697 0.017533250513897178507
0.27448258627577420965 0.017551930002862866503
0.27516702977675622233 0.017570577909897182323
0.275851473277738235 0.017589196015650929855
0.27653591677872024768 0.017607782996654722935
0.27722036027970226035 0.017626340920982769972
0.27790480378068427303 0.017644868076445628657
0.2785892472816662857 0.017663366899823437772
0.27927369078264829838 0.017681835273118784446
0.27995813428363031106 0.017700276056652627932
0.28064257778461232373 0.017718686897894898175
0.28132702128559433641 0.017737071018697855851
0.28201146478657634908 0.01775542565871729081
0.28269590828755836176 0.017773755105949171768
0.28338035178854037444 0.017792056487457932196
0.28406479528952238711 0.017810335161906738072
0.28474923879050439979 0.017828588284051174323
0.28543368229148641246 0.017846821871527730752
0.28611812579246842514 0.017865032947878948383
0.28680256929345043782 0.017883228169891907111
0.28748701279443245049 0.017901403960342447685
0.28817145629541446317 0.01791956685439982655
0.28885589979639647584 0.017937713603164137655
0.28954034329737848852 0.017955790100027037987
0.29022478679836050119 0.017974415876488642613
0.29090923029934251387 0.017993077383233423844
0.29159367380032452655 0.01801173822569759192
0.29227811730130653922 0.018030399109768061733
0.2929625608022885519 0.018049060353195908735
0.29364700430327056457 0.018067722160544814891
0.29433144780425257725 0.018086384707285352302
0.29501589130523458993 0.018105048137132737779
0.2957003348062166026 0.018123712565587233453
0.29638477830719861528 0.018142378046256808083
0.29706922180818062795 0.018161044547840843322
0.29775366530916264063 0.018179711943895272147
0.2984381088101446533 0.018198380012842036574
0.29912255231112666598 0.018217048453648868045
0.29980699581210867866 0.018235716899426015342
0.30049143931309069133 0.018254384930255003472
0.30117588281407270401 0.018273052087658142595
0.30186032631505471668 0.018291717883166566661
0.30254476981603672936 0.018310381812500137189
0.30322921331701874204 0.01832904339248930467
0.30391365681800075471 0.018347702190850946613
0.30459810031898276739 0.018366357855156799361
0.30528254381996478006 0.018385010130707132858
0.30596698732094679274 0.018403658864794756461
0.30665143082192880541 0.018422303997508809176
0.30733587432291081809 0.018440945540059178187
0.30802031782389283077 0.018459583554370967429
0.30870476132487484344 0.018478218100788677131
0.30938920482585685612 0.018496849182648218701
0.31007364832683886879 0.018515476678675316796
0.31075809182782088147 0.018534100567292856321
0.31144253532880289415 0.01855272052538816871
0.31212697882978490682 0.018571336234939839205
0.3128114223307669195 0.018589947234641652357
0.31349586583174893217 0.018608552953442273475
0.31418030933273094485 0.01862715268598091542
0.31486475283371295752 0.018645745509339683305
0.3155491963346949702 0.018664330449518120453
0.31623363983567698288 0.018682906304343157439
0.31691808333665899555 0.01870147185220382216
0.31760252683764100823 0.018720026884094069508
0.3182869703386230209 0.018738560364083906712
0.31897141383960503358 0.018757488458212380478
0.31965585734058704626 0.018775824759928630425
0.32034030084156905893 0.018794125992993349072
0.32102474434255107161 0.018812391134124997055
0.32170918784353308428 0.018830620054501878008
0.32239363134451509696 0.018848813068353460765
0.32307807484549710964 0.01886697265735116924
0.32376251834647912231 0.018885101550685793464
0.32444696184746113499 0.018903203381529471577
0.32513140534844314766 0.018921280174310696476
0.32581584884942516034 0.018939334434632137949
0.32650029235040717301 0.01895736629402163323
0.32718473585138918569 0.018975376930454729285
0.32786917935237119837 0.018993364869205019152
0.32855362285335321104 0.019011330586724415476
0.32923806635433522372 0.019029271606190230337
0.32992250985531723639 0.019047188386736708249
0.33060695335629924907 0.019065077981873734814
0.33129139685728126175 0.019082941164034496889
0.33197584035826327442 0.019100774717989699863
0.3326602838592452871 0.019118579956155765803
0.33334472736022729977 0.019136353260110906815
0.33402917086120931245 0.019154096420490887565
0.33471361436219132512 0.019171805279210227951
0.3353980578631733378 0.019189482367126479284
0.33608250136415535048 0.019207125062570148954
0.33676694486513736315 0.019224740426304294527
0.33745138836611937583 0.019242329302637282279
0.3381358318671013885 0.0192599013170923275
0.33882027536808340118 0.019277456775088255836
0.33950471886906541386 0.019295004765874815972
0.34018916237004742653 0.019312542811752077265
0.34087360587102943921 0.019330078640871981022
0.34155804937201145188 0.019347606768131461047
0.34224249287299346456 0.019365134360906265804
0.34292693637397547723 0.019382654215092880168
0.34361137987495748991 0.019400172332778107404
0.34429582337593950259 0.019417681080884506561
0.34498026687692151526 0.019435185877911320684
0.34566471037790352794 0.019452683669242309267
0.34634915387888554061 0.019470172524507955297
0.34703359737986755329 0.0194876452278409662
0.34771804088084956597 0.019505107098610550975
0.34840248438183157864 0.01952330407392028136
0.34908692788281359132 0.019541498412735527207
0.34977137138379560399 0.019559774301349051873
0.35045581488477761667 0.019578047865614421619
0.35114025838575962934 0.019596318623348329274
0.35182470188674164202 0.01961458575912572791
0.3525091453877236547 0.019632848553142817627
0.35319358888870566737 0.019651106398541430542
0.35387803238968768005 0.019669358749778785567
0.35456247589066969272 0.019687605094150982532
0.3552469193916517054 0.019705844980669694894
0.35593136289263371808 0.019724077997129958045
0.35661580639361573075 0.019742303789144658582
0.35730024989459774343 0.019760522036928733491
0.3579846933955797561 0.01977873246508228891
0.35866913689656176878 0.019796934845743574538
0.35935358039754378146 0.019815129020348643679
0.36003802389852579413 0.019833314898544375515
0.36072246739950780681 0.01985149250591616843
0.36140691090048981948 0.019869662017926417036
0.36209135440147183216 0.019887823789208173425
0.36277579790245384483 0.019905978341439912321
0.36346024140343585751 0.019924126335812874372
0.36414468490441787019 0.019942268628412029852
0.36482912840539988286 0.01996040608885875367
0.36551357190638189554 0.0199785397037834829
0.36619801540736390821 0.019996670492085977244
0.36688245890834592089 0.02001479948382318616
0.36756690240932793357 0.020032927579920693784
0.36825134591030994624 0.020051055526902176324
0.36893578941129195892 0.020069183831140608582
0.36962023291227397159 0.020087312760704405246
0.37030467641325598427 0.02010544243738294698
0.37098911991423799694 0.020123572981268985499
0.37167356341522000962 0.020141704392319614153
0.3723580069162020223 0.02015983638718827492
0.37304245041718403497 0.020177968616132559154
0.37372689391816604765 0.020196100938776190281
0.37441133741914806032 0.020214233148422130343
0.375095780920130073 0.020232364276833687128
0.37578022442111208568 0.020250494205508031559
0.37646466792209409835 0.020268623179135272089
0.37714911142307611103 0.020286753169164530725
0.3778335549240581237 0.020304809128182957356
0.37851799842504013638 0.020323741680366762263
0.37920244192602214905 0.020341809758106142725
0.37988688542700416173 0.02035971597837024985
0.38057132892798617441 0.020377584612874630188
0.38125577242896818708 0.020395425067240922912
0.38194021592995019976 0.020413238195679639375
0.38262465943093221243 0.020431023970506629467
0.38330910293191422511 0.020448782602130594066
0.38399354643289623779 0.020466514411060666295
0.38467798993387825046 0.020484220070971222855
0.38536243343486026314 0.020501900282315788787
0.38604687693584227581 0.020519556106968601938
0.38673132043682428849 0.020537188355214539698
0.38741576393780630116 0.020554798075769552951
0.38810020743878831384 0.020572386167227542375
0.38878465093977032652 0.020589953812751398549
0.38946909444075233919 0.020607501937951293314
0.39015353794173435187 0.020625031657889834891
0.39083798144271636454 0.02064254429531927823
0.39152242494369837722 0.020660044448430926745
0.3922068684446803899 0.020677539716594871971
0.39289131194566240257 0.020695039928505642307
0.39357575544664441525 0.020712554491508911036
0.39426019894762642792 0.020730091066632646418
0.3949446424486084406 0.020747655134928093268
0.39562908594959045327 0.020765249898917113869
0.39631352945057246595 0.020782877612261132366
0.39699797295155447863 0.020800538630854990135
0.3976824164525364913 0.020818233033102567786
0.39836685995351850398 0.020835959707503102362
0.39905130345450051665 0.020853717470115808175
0.39973574695548252933 0.020871504651481211784
0.40042019045646454201 0.020889320203141509974
0.40110463395744655468 0.020907163298165925419
0.40178907745842856736 0.020925033037782737877
0.40247352095941058003 0.020942928408360369369
0.40315796446039259271 0.020960844591626181382
0.40384240796137460539 0.020978785322202951613
0.40452685146235661806 0.02099674677856490021
0.40521129496333863074 0.02101473057507879591
0.40589573846432064341 0.021032708550225719807
0.40658018196530265609 0.021050706956590770763
0.40726462546628466876 0.021069371626858603153
0.40794906896726668144 0.021088061366449330908
0.40863351246824869412 0.021106773927676545505
0.40931795596923070679 0.02112564477449194178
0.41000239947021271947 0.021144538042246786846
0.41068684297119473214 0.02116345266889952878
0.41137128647217674482 0.021182386883155303325
0.4120557299731587575 0.021201338944504051487
0.41274017347414077017 0.021220307223396277924
0.41342461697512278285 0.021239290234411321162
0.41410906047610479552 0.021258286821078317685
0.4147935039770868082 0.021277296095359065492
0.41547794747806882087 0.02129631726626731586
0.41616239097905083355 0.021315349621653743167
0.41684683448003284623 0.021334392555587972096
0.4175312779810148589 0.021353445548937984022
0.41821572148199687158 0.021372508184549516425
0.41890016498297888425 0.021391580119198078808
0.41958460848396089693 0.021410661110186884892
0.42026905198494290961 0.021429751102766111948
0.42095349548592492228 0.021448850205618080061
0.42163793898690693496 0.021467958681274497412
0.42232238248788894763 0.021487076883870189631
0.42300682598887096031 0.021506205330503402884
0.42369126948985297298 0.021525344694651758065
0.42437571299083498566 0.02154449589011757718
0.42506015649181699834 0.021563659704599089789
0.42574459999279901101 0.0215828370628530046
0.42642904349378102369 0.021602028924910511576
0.42711348699476303636 0.021621236064066396559
0.42779793049574504904 0.021640459196580811435
0.42848237399672706172 0.021659698880069688798
0.42916681749770907439 0.021678955766330082477
0.42985126099869108707 0.021698229924126091056
0.43053570449967309974 0.021717520501988281378
0.43122014800065511242 0.021736825975927683702
0.43190459150163712509 0.021756144094376168169
0.43258903500261913777 0.021775474479067864764
0.43327347850360115045 0.021794818704176301127
0.43395792200458316312 0.021814178025270920813
0.4346423655055651758 0.021833557834786208873
0.43532680900654718847 0.021852951752286152443
0.43601125250752920115 0.02187351911968513779
0.43669569600851121383 0.021892873927316262167
0.4373801395094932265 0.021912368581258827305
0.43806458301047523918 0.021931750077329188048
0.43874902651145725185 0.021951154649622516002
0.43943347001243926453 0.021970590858926337952
0.44011791351342127721 0.021990057076289714483
0.44080235701440328988 0.022009552036791293905
0.44148680051538530256 0.022029072823687198546
0.44217124401636731523 0.022048618351736715137
0.44285568751734932791 0.022068185041296164983
0.44354013101833134058 0.022087772570113278076
0.44422457451931335326 0.022107378150345826512
0.44490901802029536594 0.022127003245805715315
0.44559346152127737861 0.022146647595559794397
0.44627790502225939129 0.022166314801898383963
0.44696234852324140396 0.022186003201746570118
0.44764679202422341664 0.022205716680010229025
0.44833123552520542932 0.022225452201124470952
0.44901567902618744199 0.022245213769377304713
0.44970012252716945467 0.022264997001088009804
0.45038456602815146734 0.022284806360505622636
0.45106900952913348002 0.022304636243353725272
0.45175345303011549269 0.022324491686905350435
0.45243789653109750537 0.022344367441143070385
0.45312234003207951805 0.022364268504042997959
0.45380678353306153072 0.022384188829486964534
0.4544912270340435434 0.02240413493882637691
0.45517567053502555607 0.022424099730286164295
0.45586011403600756875 0.022444090229971909445
0.45654455753698958143 0.022464108413079064003
0.4572290010379715941 0.022484151489322770634
0.45791344453895360678 0.022504216885043296092
0.45859788803993561945 0.022524305581768575696
0.45928233154091763213 0.022544414939299227407
0.4599667750418996448 0.022564597646038603296
0.46065121854288165748 0.022584813273984750276
0.46133566204386367016 0.022605065967418014328
0.46202010554484568283 0.022625207755364321049
0.46270454904582769551 0.022645383153250500663
0.46338899254680970818 0.022665592385159048783
0.46407343604779172086 0.022686050258260776619
0.46475787954877373354 0.022706548860867616785
0.46544232304975574621 0.022727088856829225083
0.46612676655073775889 0.022747669718054714522
0.46681121005171977156 0.022768290951054079296
0.46749565355270178424 0.022788951656584083977
0.46818009705368379691 0.022809650827988869198
0.46886454055466580959 0.022830387581255742052
0.46954898405564782227 0.022851161239193631958
0.47023342755662983494 0.022871971382307131754
0.47091787105761184762 0.022892817868337661524
0.47160231455859386029 0.022913700983469769551
0.47228675805957587297 0.022934621010263292473
0.47297120156055788565 0.022955578757925358679
0.47365564506153989832 0.022976576610325399885
0.474340088562521911 0.022997617454056352992
0.47502453206350392367 0.023018703918066960729
0.47570897556448593635 0.023039838362728541632
0.47639341906546794903 0.02306102256745525339
0.4770778625664499617 0.023082258428212001911
0.47776230606743197438 0.023103547735162606458
0.47844674956841398705 0.023124891168879651432
0.47913119306939599973 0.023146289283204730947
0.4798156365703780124 0.023167741637490201628
0.48050008007136002508 0.023189247730189425922
0.48118452357234203776 0.023210807009163874487
0.48186896707332405043 0.023232418337812230785
0.48255341057430606311 0.023254082118502515664
0.48323785407528807578 0.023275799320532006981
0.48392229757627008846 0.023297570084785827749
0.48460674107725210114 0.023319391676624078025
0.48529118457823411381 0.023341259647025887347
0.48597562807921612649 0.023363183590599197192
0.48666007158019813916 0.023385168956765914339
0.48734451508118015184 0.023407196640607735166
0.48802895858216216451 0.023429780459442106633
0.48871340208314417719 0.023453130832149594875
0.48939784558412618987 0.023474894246469427822
0.49008228908510820254 0.023496742834198908884
0.49076673258609021522 0.023518544369244998027
0.49145117608707222789 0.023540307408289332797
0.49213561958805424057 0.023562028655554644041
0.49282006308903625325 0.023583707571355951027
0.49350450659001826592 0.023605340869407014093
0.4941889500910002786 0.023626928999719028213
0.49487339359198229127 0.02364846905743683142
0.49555783709296430395 0.02366996529623437151
0.49624228059394631662 0.023691415769872103958
0.4969267240949283293 0.023712823984018499557
0.49761116759591034198 0.023734187288552012485
0.49829561109689235465 0.023755509803412806075
0.49898005459787436733 0.023776789244988841276
0.49966449809885638 0.023798029481589967615
