0 0.0046874999999848574253
0.00067327776089426915294 0.0047820779575787116661
0.0014169952721253939367 0.00483498401351573244
0.0022385220900870504007 0.0048919000552441324267
0.0031459987898261585794 0.0049530460123762632199
0.0041484176306531171316 0.0050186308594308646353
0.0052557116611596293651 0.0050888910899079074085
0.0064788531465928720851 0.0051640197260829218129
0.0078299622939107579173 0.0052443566435387192065
0.0093224273518835616692 0.005330195722623237535
0.010971037276323437545 0.0054217799493216176782
0.012792128275032219054 0.0055193606686868680947
0.014803745684593123608 0.005623162018854110239
0.017025822783056476784 0.0057336238223427982152
0.019480378310388620638 0.0058510543025503611303
0.022191734653930084847 0.0059757131161240848588
0.025186758860879999294 0.0061079052734966830449
0.028495128866019018427 0.0062481413033190760439
0.032149627572742367487 0.0063967856981424816437
0.036186467701475606706 0.0065542128833777453176
0.040645650624422158259 0.0067206575197861868551
0.045571362742364729392 0.0068971279569965387307
0.051012413331250179571 0.0070830278432712102249
0.057022718197214723734 0.0072797865438660310997
0.063661833932625783161 0.0074873973827349546428
0.070995548067126518221 0.0077066018502694264708
0.079096530961536890003 0.0079377972228232077101
0.088045055904280300485 0.0081819891162289559022
0.097929794545828716124 0.0084387487950732791714
0.10884869555319016954 0.0087098656247698112015
0.12090995519109630496 0.0089954678651375918202
0.13423308944745659943 0.0092962379150441348113
0.14895011832685611797 0.0096135048365856932279
0.1652068740473564834 0.0099476050144980780743
0.18316444610362636602 0.010298987490815035215
0.20300077751564807316 0.010668893359049667208
0.22491242808035652456 0.011058287670538272454
0.24911652209841234074 0.011468238783625567603
0.27585289987628980324 0.011899864634556889254
0.30538649432308573317 0.012353636042313853247
0.33800995619193796582 0.012831354034183594867
0.37404655397978087139 0.013334157895482000311
0.41375250491518961171 0.013861015307904659202
0.45566854952622126707 0.014390601737707559363
0.49958191680159741432 0.014921393285980058888
0.54559590488494502658 0.015453994399899596487
0.59359992642524506135 0.015987131851578864628
0.64365694823259900215 0.016520462244887502284
0.69574279774731273562 0.017054130187221849813
0.74984493793575723863 0.017588086104112644892
0.80590741813136057559 0.018121849898087544206
0.86398630924824382227 0.018655526386250061849
0.92408485956627983704 0.019189494202970353715
0.98619941904581487346 0.019723724526341589874
1.0502821220158318205 0.020257868994655859468
1.1163696655708241767 0.020791852408051928608
1.1844783893834185395 0.021326096372886425845
1.2546156495629037231 0.021860661036943979108
1.3267222594591734364 0.022395696549688384747
1.4007030166888334577 0.022929314623140972101
1.476772344171012552 0.023463572109327927168
1.5548843890138954738 0.023998033219300284741
1.6349857119278894402 0.024532947668347859088
1.7070937530180703146 0.025060379294243310955
1.7356736643840338097 0.025200000000008240114
