0 0.0046875000000000006939
0.0017111087524550724556 0.0048637815648497539564
0.0034222175049101436102 0.0050373605634412253751
0.0051333262573652173669 0.0051004423961914036392
0.0068444350098202924246 0.005247427380066669797
0.0085555437622753631455 0.0053627809691613632925
0.01026665251473042953 0.0054823884986771103875
0.011977761267185495914 0.005563697030186907054
0.013688870019640562298 0.0056608195680700468255
0.015399978772095628682 0.0057527356944202107103
0.017111087524550695066 0.0058578673538561033818
0.01882219627700576145 0.0059758743994550462403
0.020533305029460827834 0.0060841040812340254837
0.022244413781915894218 0.0061437696780774981101
0.023955522534370960602 0.0061991836954985680627
0.025666631286826026986 0.0062412662387512831547
0.02737774003928109337 0.0063406869431246347044
0.029088848791736159755 0.0064330355896155995421
0.030799957544191226139 0.0065199261613472069693
0.032511066296646316809 0.0066021184302384348583
0.034222175049101417887 0.00668182073452747681
0.035933283801556518966 0.0067653130154414773192
0.037644392554011620045 0.0068649642211883960333
0.039355501306466721123 0.0070064674216566407566
0.041066610058921822202 0.0071103582798229493164
0.04277771881137692328 0.0071916424480863057334
0.044488827563832024359 0.0072866349530366194068
0.046199936316287125437 0.0073171770567272090974
0.047911045068742226516 0.0073184815782837298742
0.049622153821197327594 0.0073161698712054601748
0.051333262573652428673 0.0073680166148876007071
0.053044371326107529752 0.007442298328253894521
0.05475548007856263083 0.0075212704849760714937
0.056466588831017731909 0.007583939730021832526
0.058177697583472832987 0.0076351287017698676179
0.059888806335927934066 0.007693308948730181486
0.061599915088383035144 0.0077538444948137101587
0.063311023840838101528 0.0078099810102707353451
0.065022132593293133218 0.0078802612828071626205
0.066733241345748164908 0.007950580226454598623
0.068444350098203196597 0.008015910915426896835
0.070155458850658228287 0.0080790820251941484337
0.071866567603113259977 0.0081547928992537349613
0.073577676355568291666 0.0082361557848686910849
0.075288785108023323356 0.0082896508783001712772
0.076999893860478355045 0.008299031618531361662
0.078711002612933386735 0.0083109805512598632082
0.080422111365388418425 0.0083232422387116995061
0.082133220117843450114 0.0083338339754839875495
0.083844328870298481804 0.0083547305358815902865
0.085555437622753513494 0.0084157188629977574407
0.087266546375208545183 0.0084732462721026913233
0.088977655127663576873 0.0085177122555767353224
0.090688763880118608562 0.0085612385979921771378
0.092399872632573640252 0.0086040929837747984199
0.094110981385028671942 0.0086770932937448169708
0.095822090137483703631 0.0087351461152605138633
0.097533198889938735321 0.0087913517289885702299
0.099244307642393767011 0.0088481028663079004659
0.1009554163948487987 0.0089059076558068821228
0.10266652514730383039 0.0089640876452880859093
0.10437763389975886208 0.0090286552436134679539
0.10608874265221389377 0.0090981934592047793153
0.10779985140466892546 0.0091737495356508241828
0.10951096015712395715 0.0092069958018181300569
0.11122206890957898884 0.0092334057090259248624
0.11293317766203402053 0.0092636527705623437912
0.11464428641448905222 0.0092836181130684161666
0.11635539516694408391 0.0092949500755116695738
0.1180665039193991156 0.0092976819551613444637
0.11977761267185414729 0.0093251520446541048132
0.12148872142430917898 0.0093660520988092053202
0.12319983017676421067 0.0094254344033892750038
0.12491093892921924235 0.0094902845908583343543
0.12662204768167439894 0.0095454747395092905821
0.12833315643412956941 0.0095988231263665155929
0.13004426518658473988 0.0096509400123620889961
0.13175537393903991035 0.0097038583450951912401
0.13346648269149508081 0.0097581600044229620944
0.13517759144395025128 0.0098154468982884889722
0.13688870019640542175 0.0098755239606948975323
0.13859980894886059222 0.0099398427303989365933
0.14031091770131576268 0.010010865642715371243
0.14202202645377093315 0.010073064131056788315
0.14373313520622610362 0.01009371195116456725
0.14544424395868127409 0.01013409099263682181
0.14715535271113644455 0.010168200904127748865
0.14886646146359161502 0.010188919850668722369
0.15057757021604678549 0.010198513635295622728
0.15228867896850195596 0.010198676349432479749
0.15399978772095712642 0.010197858915017260495
0.15571089647341229689 0.010196752372638848497
0.15742200522586746736 0.010254031542306731029
0.15913311397832263783 0.010312077108268357176
0.16084422273077780829 0.01036549156440904132
0.16255533148323297876 0.010416496341411117174
0.16426644023568814923 0.010465167271056868836
0.1659775489881433197 0.010512224663631903471
0.16768865774059849016 0.010561937060643669314
0.16939976649305366063 0.010613470383419197282
0.1711108752455088311 0.010667007573082224955
0.17282198399796400157 0.010723943726747318245
0.17453309275041917203 0.010787049708754756216
0.1762442015028743425 0.010859961875256850944
0.17795531025532951297 0.010927746304623810886
0.17966641900778468344 0.010963179006870582208
0.1813775277602398539 0.011002564139005216459
0.18308863651269502437 0.0110328665182145777
0.18479974526515019484 0.011052778666461631624
0.18651085401760536531 0.011059806158981716831
0.18822196277006053577 0.011061107377288520448
0.18993307152251570624 0.011062534496526730057
0.19164418027497087671 0.011063499800385763819
0.19335528902742604718 0.011063827051674421723
0.19506639777988121764 0.011089579153930386249
0.19677750653233638811 0.011142871253783992458
0.19848861528479155858 0.011194328932938113833
0.20019972403724672905 0.011243109720688062442
0.20191083278970189951 0.011290329651320584262
0.20362194154215706998 0.011338522762433108151
0.20533305029461224045 0.011386851756454119747
0.20704415904706741092 0.011436402263282588465
0.20875526779952258138 0.011487860507752939432
0.21046637655197775185 0.011543115514567684962
0.21217748530443292232 0.011604742268987333631
0.21388859405688809279 0.011669400634697077793
0.21559970280934326325 0.011741343223472231611
0.21731081156179843372 0.011775631495014125122
0.21902192031425360419 0.011811430756598351177
0.22073302906670877466 0.011838089227551246499
0.22244413781916394512 0.011856322529597011078
0.22415524657161911559 0.01186271034827246669
0.22586635532407428606 0.011862994101007134917
0.22757746407652945653 0.011864373010086181129
0.22928857282898462699 0.011866851293625208658
0.23099968158143979746 0.011870076356040275625
0.23271079033389496793 0.011873592243034396948
0.2344218990863501384 0.011876993642787329192
0.23613300783880530886 0.011915871187813738274
0.23784411659126047933 0.011962531598786518838
0.2395552253437156498 0.01200776370854806166
0.24126633409617082027 0.012054578509304841177
0.24297744284862599073 0.012102789077328330453
0.2446885516010811612 0.012146345641055877884
0.24639966035353633167 0.012189215105794050376
0.24811076910599150214 0.012232836877609013643
0.2498218778584466726 0.012277934613167822836
0.25153298661090184307 0.012325946149339192873
0.25324409536335701354 0.012379225061994228105
0.25495520411581218401 0.012438599978791492137
0.25666631286826735447 0.01251231497494313151
0.25837742162072252494 0.012572533527479824028
0.26008853037317769541 0.012603329100065525231
0.26179963912563286588 0.012627516599204533301
0.26351074787808803634 0.012647591329977909275
0.26522185663054320681 0.012659634497692202892
0.26693296538299837728 0.012660304158367673838
0.26864407413545354775 0.01265974583140156394
0.27035518288790871821 0.012658713721447261563
0.27206629164036388868 0.012657465856888591021
0.27377740039281905915 0.012656116147073261796
0.27548850914527422962 0.01265470584812037301
0.27719961789772940008 0.01265736445841382854
0.27891072665018457055 0.012704347714572808425
0.28062183540263974102 0.012749258846141893822
0.28233294415509491149 0.012791164677798760527
0.28404405290755008195 0.012832523437542748754
0.28575516166000525242 0.012874816232143506539
0.28746627041246042289 0.012917407931179297406
0.28917737916491559336 0.012960443370223017484
0.29088848791737076382 0.013004352292473536981
0.29259959666982593429 0.013049335718385665639
0.29431070542228110476 0.013096153365198197338
0.29602181417473627523 0.013146291096049252806
0.29773292292719144569 0.013200765209572026121
0.29944403167964661616 0.013254060716446480067
0.30115514043210178663 0.013299099386878633286
0.3028662491845569571 0.013325992341248659584
0.30457735793701212756 0.013353774618667213492
0.30628846668946729803 0.013375052835484889727
0.3079995754419224685 0.013389406850689218251
0.30971068419437763897 0.013395292369160295698
0.31142179294683280943 0.013394483502196746424
0.3131329016992879799 0.013393694573797798597
0.31484401045174315037 0.013393324509352752538
0.31655511920419832084 0.013393388912964678678
0.3182662279566534913 0.013393779449072905352
0.31997733670910866177 0.013394307351642596379
0.32168844546156383224 0.013394901522974409294
0.32339955421401900271 0.013424589131003453538
0.32511066296647417317 0.013467129217206635916
0.32682177171892934364 0.01350739696517754343
0.32853288047138451411 0.013546124348247926689
0.33024398922383968458 0.013583701665239011555
0.33195509797629485504 0.013622351406830253071
0.33366620672875002551 0.013663191331241615611
0.33537731548120519598 0.013704546896762079267
0.33708842423366036645 0.013746237671773537531
0.33879953298611553691 0.013788686767303779193
0.34051064173857070738 0.013831825237727989053
0.34222175049102587785 0.013875934864947500266
0.34393285924348104832 0.013922532512552847003
0.34564396799593621878 0.013973109889261344299
0.34735507674839138925 0.01402282285354366359
0.34906618550084655972 0.014042180851748634757
0.35077729425330173019 0.014062126392112923173
0.35248840300575690065 0.014082349329406541188
0.35419951175821207112 0.014096435589882100672
0.35591062051066724159 0.014105657935740485709
0.35762172926312241206 0.014109898699320194693
0.35933283801557758252 0.014110078530557793736
0.36104394676803275299 0.014109888556776003024
0.36275505552048792346 0.014109650429353736215
0.36446616427294309393 0.014109333151065611353
0.36617727302539826439 0.014108939353147486109
0.36788838177785343486 0.014108479880723084898
0.36959949053030860533 0.014107947027745065816
0.3713105992827637758 0.014147428853763023907
0.37302170803521894626 0.014191413618061690313
0.37473281678767411673 0.014234200967921863124
0.3764439255401292872 0.014275558000419994592
0.37815503429258445767 0.014316836301118098657
0.37986614304503962813 0.014358170236374041828
0.3815772517974947986 0.014399919974798095282
0.38328836054994996907 0.014444523763640861394
0.38499946930240513954 0.014488405652806946727
0.38671057805486031 0.014531886206900821931
0.38842168680731548047 0.014575384960995453609
0.39013279555977065094 0.014618494454496235024
0.39184390431222582141 0.014661469202581810592
0.39355501306468099187 0.014694923604981363977
0.39526612181713616234 0.014707520484489138013
0.39697723056959133281 0.014719944629527295307
0.39868833932204650328 0.014727571390318348887
0.40039944807450167374 0.01476244352816692175
0.40211055682695684421 0.01477486056054181339
0.40382166557941201468 0.014781761157416950167
0.40553277433186718515 0.014784576160632568673
0.40724388308432235561 0.014783538790450712411
0.40895499183677752608 0.014781248899117837778
0.41066610058923269655 0.014778986968903633573
0.41237720934168786702 0.014776931131740280237
0.41408831809414303748 0.014775228150230780566
0.41579942684659820795 0.01477394461081568168
0.41751053559905337842 0.014780609352345184387
0.41922164435150854889 0.014809545618018371202
0.42093275310396371935 0.014838187159640723461
0.42264386185641888982 0.014867535911243678903
0.42435497060887406029 0.014902655352776588218
0.42606607936132923076 0.014946015263873711071
0.42777718811378440122 0.014986342697386852846
0.42948829686623957169 0.015023701649663772847
0.43119940561869474216 0.015059565799691511379
0.43291051437114991263 0.015095497297223564592
0.43462162312360508309 0.015130562557717398484
0.43633273187606025356 0.015167557443551268545
0.43804384062851542403 0.015209262387058920807
0.4397549493809705945 0.01525422241766952354
0.44146605813342576496 0.015297118110649066472
0.44317716688588093543 0.015341401973314537643
0.4448882756383361059 0.015387771703308567375
0.44659938439079127637 0.015396144591967518903
0.44831049314324644683 0.015403880496585775975
0.4500216018957016173 0.015411538728535921494
0.45173271064815678777 0.015418469382529657874
0.45344381940061195824 0.01542167220951761071
0.4551549281530671287 0.015423213215934147152
0.45686603690552229917 0.015424449344298454129
0.45857714565797746964 0.015424629709270739827
0.46028825441043264011 0.015424625386764324528
0.46199936316288781057 0.015424627927914475942
0.46371047191534298104 0.015424621948034381372
0.46542158066779815151 0.015424612053533948847
0.46713268942025332198 0.015424609500070374582
0.46884379817270849244 0.015432236428986906979
0.47055490692516366291 0.015463335089079637691
0.47226601567761883338 0.015492662154713589956
0.47397712443007400385 0.015520482911404832188
0.47568823318252917431 0.015546562983474683517
0.47739934193498434478 0.015573987243016467266
0.47911045068743951525 0.015608283456904084585
0.48082155943989468572 0.015626115103743780377
0.48253266819234985618 0.015665829547404162836
0.48424377694480502665 0.015715442995327892628
0.48595488569726019712 0.015761991507999083273
0.48766599444971536759 0.015804990527506224129
0.48937710320217053805 0.01584339634508170197
0.49108821195462570852 0.015882680300804523366
0.49279932070708087899 0.015922678891086682745
0.49451042945953604946 0.015966966295343335697
0.49622153821199121992 0.016015522643780262524
0.49793264696444639039 0.016040857966656659611
0.49964375571690156086 0.016041954127046651607
0.50135486446935628724 0.01604312264564385776
0.50306597322181090259 0.016044329569232140126
0.50477708197426551795 0.016045359870612424524
0.50648819072672013331 0.016046281391695550039
0.50819929947917474866 0.016046528911036375686
0.50991040823162936402 0.016046619961474762467
0.51162151698408397937 0.016046684783789746942
0.51333262573653859473 0.01604673225934240971
0.51504373448899321009 0.016046728333572388148
0.51675484324144782544 0.016046726230861892842
0.5184659519939024408 0.016046726667684488299
0.52017706074635705615 0.016046728944858413418
0.52188816949881167151 0.016055591365658563457
0.52359927825126628687 0.01608753007080000394
0.52531038700372090222 0.016116864471651108637
0.52702149575617551758 0.016143936260234508645
0.52873260450863013293 0.016174394360989600983
0.53044371326108474829 0.016207312957639878614
0.53215482201353936365 0.016244133254749468925
0.533865930765993979 0.016293385210402813734
0.53557703951844859436 0.016350340882100702911
0.53728814827090320971 0.016415775984968704326
0.53899925702335782507 0.016484271079349424594
0.54071036577581244043 0.016549178949388357318
0.54242147452826705578 0.01659447150792912884
0.54413258328072167114 0.016622865117429348053
0.54584369203317628649 0.016633001796625263707
0.54755480078563090185 0.016633516976628896777
0.54926590953808551721 0.01663402381882645234
0.55097701829054013256 0.016634623925362409386
0.55268812704299474792 0.016635250135686580758
0.55439923579544936327 0.016635680340817610157
0.55611034454790397863 0.016635714770719935152
0.55782145330035859399 0.016635200417362785985
0.55953256205281320934 0.016634140835735715391
0.5612436708052678247 0.016632693830453192801
0.56295477955772244005 0.016631124935791826575
0.56466588831017705541 0.016646509069665915703
0.56637699706263167077 0.016687870673173867825
0.56808810581508628612 0.016729953955524068387
0.56979921456754090148 0.016774003670574008651
0.57151032331999551683 0.016818117401683086581
0.57322143207245013219 0.016861415323424874813
0.57493254082490474755 0.016904783852735982136
0.5766436495773593629 0.016947908330068227334
0.57835475832981397826 0.016990774781010391931
0.58006586708226859361 0.017033384548605756681
0.58177697583472320897 0.017075502085359073323
0.58348808458717782433 0.017109515695452544998
0.58519919333963243968 0.017121140541859349027
0.58691030209208705504 0.017121162624864311869
0.58862141084454167039 0.017148240409659530614
0.59033251959699628575 0.017169849195496210414
0.5920436283494509011 0.017182189405564471385
0.59375473710190551646 0.017189475272980637294
0.59546584585436013182 0.017193007675933905803
0.59717695460681474717 0.017193548622616787458
0.59888806335926936253 0.017193287394216123093
0.60059917211172397788 0.017193231686884542092
0.60231028086417859324 0.017193305135235210923
0.6040213896166332086 0.01719346117326331011
0.60573249836908782395 0.017193682837702582711
0.60744360712154243931 0.017193965888480666065
0.60915471587399705466 0.017194278166279004794
0.61086582462645167002 0.017194544394055787107
0.61257693337890628538 0.01719469323972477523
0.61428804213136090073 0.017207861050850505741
0.61599915088381551609 0.017239031700520976442
0.61771025963627013144 0.017273303214947095113
0.6194213683887247468 0.01731449225808787476
0.62113247714117936216 0.01735527119831269463
0.62284358589363397751 0.017392360226353497515
0.62455469464608859287 0.017426145481273747073
0.62626580339854320822 0.017463261973134608374
0.62797691215099782358 0.017502557042269422521
0.62968802090345243894 0.017547101231109227953
0.63139912965590705429 0.017592837811824416777
0.63311023840836166965 0.017633167589740574022
0.634821347160816285 0.017674213317251174366
0.63653245591327090036 0.017703429595585528505
0.63824356466572551572 0.017708279188625830614
0.63995467341818013107 0.017713128650850801932
0.64166578217063474643 0.017717404373593290817
0.64337689092308936178 0.017720962911224789893
0.64508799967554397714 0.017722284774131517177
0.6467991084279985925 0.017722637030171795036
0.64851021718045320785 0.017722823385991539474
0.65022132593290782321 0.017722849584616694185
0.65193243468536243856 0.017722847430505148797
0.65364354343781705392 0.017722837770543696523
0.65535465219027166928 0.017722823137078312639
0.65706576094272628463 0.017722808061837742877
0.65877686969518089999 0.017722800299998446583
0.66048797844763551534 0.017722799225176066179
0.6621990872000901307 0.01772279985024751911
0.66391019595254474606 0.017722799971006557296
0.66562130470499936141 0.017728150959426397515
0.66733241345745397677 0.017755029288940283455
0.66904352220990859212 0.017780859592835297767
0.67075463096236320748 0.01780662905665297141
0.67246573971481782284 0.017833183402427749825
0.67417684846727243819 0.017860839111762297216
0.67588795721972705355 0.01789657292832559296
0.6775990659721816689 0.017940686992812031331
0.67931017472463628426 0.017968391310989862558
0.68102128347709089962 0.017992935356053472995
0.68273239222954551497 0.018069124425686776403
0.68444350098200013033 0.018147082404168839165
0.68615460973445474568 0.018194609490007847274
0.68786571848690936104 0.018234423826549540221
0.6895768272393639764 0.018243832784742144287
0.69128793599181859175 0.018241968025278540444
0.69299904474427320711 0.018240172984033027614
0.69471015349672782246 0.01823850933676477229
0.69642126224918243782 0.018236931632641895096
0.69813237100163705318 0.018235412373399359498
0.69984347975409166853 0.018233963994622671284
0.70155458850654628389 0.018232651086247830818
0.70326569725900089924 0.018231600284221567004
0.7049768060114555146 0.018230981770873715825
0.70668791476391012996 0.018233327144758781913
0.70839902351636474531 0.018273881880677467215
0.71011013226881936067 0.018315813590355032453
0.71182124102127397602 0.018357986295157769502
0.71353234977372859138 0.018400711974704508228
0.71524345852618320674 0.018443572706638482195
0.71695456727863782209 0.018486215354646930165
0.71866567603109243745 0.018528555190492426025
0.7203767847835470528 0.018570481727882240386
0.72208789353600166816 0.018611690798618046871
0.72379900228845628352 0.01864188773528550544
0.72551011104091089887 0.018651187749133928129
0.72722121979336551423 0.018659162337037620005
0.72893232854582012958 0.018659740584877560626
0.73064343729827474494 0.01865979382238288492
0.7323545460507293603 0.018717744862245984383
0.73406565480318397565 0.018726518972677758806
0.73577676355563859101 0.018730916142364547466
0.73748787230809320636 0.018731719045630458587
0.73919898106054782172 0.018731717162443352331
0.74091008981300243708 0.018731686070843089204
0.74262119856545705243 0.01873166761265201638
0.74433230731791166779 0.018731682464434257912
0.74604341607036628314 0.018731700669271614257
0.7477545248228208985 0.018731645754186145719
0.74946563357527551386 0.018731420252359624878
0.75117674232773012921 0.018730985049034559742
0.75288785108018474457 0.018730374483800792118
0.75459895983263935992 0.018729673210000730849
0.75631006858509397528 0.018748248919560259879
0.75802117733754859064 0.018777571169071000101
0.75973228609000320599 0.01880746979480771644
0.76144339484245782135 0.018844342990565296492
0.7631545035949124367 0.018889426886838030922
0.76486561234736705206 0.018931133113091847681
0.76657672109982166742 0.018968955548826799129
0.76828782985227628277 0.019010563859228755274
0.76999893860473089813 0.019059196651030233666
0.77171004735718551348 0.01911674110829665596
0.77342115610964012884 0.019166532908762041326
0.7751322648620947442 0.019181252356003167248
0.77684337361454935955 0.019182618510815620944
0.77855448236700397491 0.019183954134959959464
0.78026559111945859026 0.019185131582180440374
0.78197669987191320562 0.019186068591217454032
0.78368780862436782098 0.019186502696095734249
0.78539891737682243633 0.019186503937254052732
0.78711002612927705169 0.019186504882092912661
0.78882113488173166704 0.019186506601395598992
0.7905322436341862824 0.019186507619460207302
0.79224335238664089776 0.019186507412708990461
0.79395446113909551311 0.01918650667943795976
0.79566556989155012847 0.019186506595451239404
0.79737667864400474382 0.019186507727896384007
0.79908778739645935918 0.019186509527378523693
0.80079889614891397454 0.01918651078232851484
0.80251000490136858989 0.019186508875232616972
0.80422111365382320525 0.019186510469531077583
0.8059322224062778206 0.019211789890325452201
0.80764333115873243596 0.019245239217727281439
0.80935443991118705132 0.019279996157246580973
0.81106554866364166667 0.019316464342612062188
0.81277665741609628203 0.019355558400850618461
0.81448776616855089738 0.01939865855395416297
0.81619887492100551274 0.019446991233360497869
0.8179099836734601281 0.019484724328486250494
0.81962109242591474345 0.019534995286200975556
0.82133220117836935881 0.019570313709716399136
0.82304330993082397416 0.019592589772993114494
0.82475441868327858952 0.019611910691509720772
0.82646552743573320488 0.019625609687219162242
0.82817663618818782023 0.019632867509736626199
0.82988774494064243559 0.019634890908067803572
0.83159885369309705094 0.019635319338844790804
0.8333099624455516663 0.019635718612327063975
0.83502107119800628166 0.019636034430414065627
0.83673217995046089701 0.019636198068308872988
0.83844328870291551237 0.019636161862914270487
0.84015439745537012772 0.019635903372050067528
0.84186550620782474308 0.019635403103090951632
0.84357661496027935844 0.019634665963741085998
0.84528772371273397379 0.019633757602318814561
0.84699883246518858915 0.019632784057166233899
0.8487099412176432045 0.019641162576267544304
0.85042104997009781986 0.019684656295032132434
0.85213215872255243521 0.01972392795913943328
0.85384326747500705057 0.019762935097650886213
0.85555437622746166593 0.019802614057628092903
0.85726548497991628128 0.019846510128167342557
0.85897659373237089664 0.019898273782272584559
0.86068770248482551199 0.019945869390001702559
0.86239881123728012735 0.01998783505638531896
0.86410991998973474271 0.020030625018502494494
0.86582102874218935806 0.02004587719776620286
0.86753213749464397342 0.020049512419633926802
0.86924324624709858877 0.02005263642831101728
0.87095435499955320413 0.020054941493264547003
0.87266546375200781949 0.020055923255628209378
0.87437657250446243484 0.020055926247770729243
0.8760876812569170502 0.02005592956162955548
0.87779879000937166555 0.02005593060427491095
0.87950989876182628091 0.020055928730264582088
0.88122100751428089627 0.020055925918913784095
0.88293211626673551162 0.020055924981835678012
0.88464322501919012698 0.02005592704877380561
0.88635433377164474233 0.020055930525207602694
0.88806544252409935769 0.02005593261742358302
0.88977655127655397305 0.020055932982094820671
0.8914876600290085884 0.020055934676931386901
0.89319876878146320376 0.020055935852388431101
0.89490987753391781911 0.020055936441404707826
0.89662098628637243447 0.020067783987809811874
0.89833209503882704983 0.020103769764050771068
0.90004320379128166518 0.020142863870633274243
0.90175431254373628054 0.020184708217105627737
0.90346542129619089589 0.020226207437405920031
0.90517653004864551125 0.020278087987470012205
0.90688763880110012661 0.020336889327924840415
0.90859874755355474196 0.020392149422065256048
0.91030985630600935732 0.020418336876782905431
0.91202096505846397267 0.020437709777164015518
0.91373207381091858803 0.020454252604990619258
0.91544318256337320339 0.020461738422409544991
0.91715429131582781874 0.020461779160827840013
0.9188654000682824341 0.020461734382161658741
0.92057650882073704945 0.020461560374549617181
0.92228761757319166481 0.020461288379419344252
0.92399872632564628017 0.020461000965769617077
0.92570983507810089552 0.020460758124025816423
0.92742094383055551088 0.02046059905427307507
0.92913205258301012623 0.020460548176316786101
0.93084316133546474159 0.020460607422935091909
0.93255427008791935695 0.020460763263630148828
0.9342653788403739723 0.020461005112908992043
0.93597648759282858766 0.020461329622197588912
0.93768759634528320301 0.020477271359417657109
0.93939870509773781837 0.020514910082905398608
0.94110981385019243373 0.020552969897717383863
0.94282092260264704908 0.02059133561509390864
0.94453203135510166444 0.02063318192875474022
0.94624314010755627979 0.020681374936541312148
0.94795424886001089515 0.020727455951864304923
0.94966535761246551051 0.020769404307102699164
0.95137646636492012586 0.020811386423237467069
0.95308757511737474122 0.020845125859943532121
0.95479868386982935657 0.020848942447901409186
0.95650979262228397193 0.02085216414674775573
0.95822090137473858729 0.020854398179336316316
0.95993201012719320264 0.020855166842414469414
0.961643118879647818 0.02085517335661809038
0.96335422763210243335 0.020855180161584791626
0.96506533638455704871 0.020855184774563304689
0.96677644513701166407 0.020855185575072689164
0.96848755388946627942 0.020855182880826019648
0.97019866264192089478 0.020855178564145905595
0.97190977139437551013 0.020855174540282701151
0.97362088014683012549 0.020855171759080113475
0.97533198889928474085 0.020855170332366331637
0.9770430976517393562 0.020855169960447162564
0.97875420640419397156 0.020855172339161006517
0.98046531515664858691 0.020855174746953409476
0.98217642390910320227 0.020855176745012866946
0.98388753266155781763 0.020855178211292471624
0.98559864141401243298 0.02087487135739159172
0.98730975016646704834 0.020913052376895717444
0.98902085891892166369 0.020954238588752231026
0.99073196767137627905 0.020995482082848557215
0.99244307642383089441 0.021042450670535770008
0.99415418517628550976 0.02110060037935417715
0.99586529392874012512 0.02115547004739710274
0.99757640268119474047 0.02118512577083156781
0.99928751143364935583 0.021200404628645422994
1.0009986201861045263 0.021212784807816322669
1.0027097289385602519 0.021219586626010658592
1.0044208376910159775 0.021219587160109160129
1.006131946443471703 0.021219613687483894482
1.0078430551959274286 0.02121979511496710144
1.0095541639483831542 0.021220156837866595984
1.0112652727008388798 0.021220765361440994262
1.0129763814532946054 0.021221662768329131732
1.0146874902057503309 0.021222811429596866173
1.0163985989582060565 0.021224113321711181313
1.0181097077106617821 0.021225411334518159284
1.0198208164631175077 0.021226488209965612558
1.0215319252155732332 0.021227145788757353917
1.0232430339680289588 0.021227351140495686471
1.0249541427204846844 0.021227282568179215577
1.02666525147294041 0.021255316576520265348
1.0283763602253961356 0.021293525839602558264
1.0300874689778518611 0.021332031985639834937
1.0317985777303075867 0.021371700525427927281
1.0335096864827633123 0.021417663667449755166
1.0352207952352190379 0.021469828254820955832
1.0369319039876747635 0.021516732881262604776
1.038643012740130489 0.021559796516905923441
1.0403541214925862146 0.021579333999972211827
1.0420652302450419402 0.02158157847176719879
1.0437763389974976658 0.021583396238944094897
1.0454874477499533914 0.021584525504235750615
1.0471985565024091169 0.021584723982028458655
1.0489096652548648425 0.021584720735302171529
1.0506207740073205681 0.02158471589243282987
1.0523318827597762937 0.021584709709857992366
1.0540429915122320192 0.021584703724273526793
1.0557541002646877448 0.021584700510956393582
1.0574652090171434704 0.021584702276216602423
1.059176317769599196 0.021584709121843244362
1.0608874265220549216 0.02158471824171159098
1.0625985352745106471 0.021584725925189153506
1.0643096440269663727 0.021584729867586076313
1.0660207527794220983 0.021584730327091367769
1.0677318615318778239 0.02158472886707222746
1.0694429702843335495 0.021584727818041160585
1.071154079036789275 0.021586599175334612866
1.0728651877892450006 0.021586646111681005722
1.0745762965417007262 0.021616927522734589312
1.0762874052941564518 0.021650284014110648956
1.0779985140466121774 0.021686374501559496641
1.0797096227990679029 0.021726534528487828624
1.0814207315515236285 0.021770078178704625749
1.0831318403039793541 0.02183605401958407799
1.0848429490564350797 0.021863348772093730427
1.0865540578088908052 0.021884429496646828212
1.0882651665613465308 0.021903106995647351335
1.0899762753138022564 0.021908059385653193968
1.091687384066257982 0.02190828751627066362
1.0933984928187137076 0.021908728790733592029
1.0951096015711694331 0.021909108234420434508
1.0968207103236251587 0.021909328599008060651
1.0985318190760808843 0.021909528753444502264
1.1002429278285366099 0.021909696421581636994
1.1019540365809923355 0.021909717749306632795
1.103665145333448061 0.021909526708361853897
1.1053762540859037866 0.021909172758196402558
1.1070873628383595122 0.021908781044993885789
1.1087984715908152378 0.021908426188693500003
1.1105095803432709634 0.021908065957604850454
1.1122206890957266889 0.02191867554967560916
1.1139317978481824145 0.021972455355851867181
1.1156429066006381401 0.022035208400867128259
1.1173540153530938657 0.022094266579899570629
1.1190651241055495912 0.02215976445753765553
1.1207762328580053168 0.022225109834518766427
1.1224873416104610424 0.022229106768987417359
1.124198450362916768 0.022229437153851845654
1.1259095591153724936 0.02222942665618885677
1.1276206678678282191 0.022230375930687565345
1.1293317766202839447 0.022230335735807099651
1.1310428853727396703 0.022230715052469852966
1.1327539941251953959 0.022231951333732801607
1.1344651028776511215 0.022233862179907259299
1.136176211630106847 0.022236201196558270238
1.1378873203825625726 0.022238735614731774959
1.1395984291350182982 0.022241259913286653971
1.1413095378874740238 0.022243581704979038804
1.1430206466399297494 0.022245508585985205446
1.1447317553923854749 0.022246843485319370282
1.1464428641448412005 0.022247336294923723832
1.1481539728972969261 0.022261135072298446347
1.1498650816497526517 0.022304894045955755283
1.1515761904022083773 0.022348568942064602622
1.1532872991546641028 0.022392197470666442422
1.1549984079071198284 0.022435411876593810282
1.156709516659575554 0.022477774935940088297
1.1584206254120312796 0.022519392722664545448
1.1601317341644870051 0.02252869061488001895
1.1618428429169427307 0.02253043486028372816
1.1635539516693984563 0.022530449463254609288
1.1652650604218541819 0.022530467638422750631
1.1669761691743099075 0.022530483883778051196
1.168687277926765633 0.022530498244905022842
1.1703983866792213586 0.022540753944553661159
1.1721094954316770842 0.022540960341725594512
1.1738206041841328098 0.022541196825187209685
1.1755317129365885354 0.022541455481803741173
1.1772428216890442609 0.022541639195927807432
1.1789539304414999865 0.022541793480131116362
1.1806650391939557121 0.022541938361598918422
1.1823761479464114377 0.022542080716976987259
1.1840872566988671633 0.022542233102448423071
1.1857983654513228888 0.022542405447650144118
1.1875094742037786144 0.022542598258660586502
1.18922058295623434 0.02254280247864003453
1.1909316917086900656 0.022563192498366482774
1.1926428004611457911 0.022595225397144851759
1.1943539092136015167 0.022624869230758549998
1.1960650179660572423 0.022657176548266339672
1.1977761267185129679 0.022694859893698762082
1.1994872354709686935 0.022749710812326594256
1.201198344223424419 0.022797261786363043345
1.2029094529758801446 0.02280838049534854306
1.2046205617283358702 0.022815448364750461063
1.2063316704807915958 0.022819948016920964251
1.2080427792332473214 0.022819264488316583911
1.2097538879857030469 0.02281879953737271996
1.2114649967381587725 0.022818576077584657585
1.2131761054906144981 0.022818493888031751021
1.2148872142430702237 0.022818341260328028897
1.2165983229955259493 0.022817924237925994724
1.2183094317479816748 0.022817196014450879388
1.2200205405004374004 0.022816254757606523745
1.221731649252893126 0.022815295341038845794
1.2234427580053488516 0.022847245915485852458
1.2251538667578045771 0.022894227887799316334
1.2268649755102603027 0.02294456835370015102
1.2285760842627160283 0.023001053139553834237
1.2302871930151717539 0.023060469018397259516
1.2319983017676274795 0.023075219574084392116
1.233709410520083205 0.023075669574362592251
1.2354205192725389306 0.023076089204772626956
1.2371316280249946562 0.023076192613190008029
1.2388427367774503818 0.023076191006298762964
1.2405538455299061074 0.023076190450603450283
1.2422649542823618329 0.023076191834288189986
1.2439760630348175585 0.023076195908973723414
1.2456871717872732841 0.023076201607794864096
1.2473982805397290097 0.023076205771332153338
1.2491093892921847353 0.023076205463514246757
1.2508204980446404608 0.023076200148079793056
1.2525316067970961864 0.023076191655466898878
1.254242715549551912 0.023076182810508948789
1.2559538243020076376 0.023076176633734624133
1.2576649330544633631 0.023076173477232789916
1.2593760418069190887 0.023076168064848225081
1.2610871505593748143 0.023076166688469689631
1.2627982593118305399 0.023112054341127862001
1.2645093680642862655 0.023152167945111941372
1.266220476816741991 0.023193412115434144938
1.2679315855691977166 0.023235413841757795311
1.2696426943216534422 0.023277560649001993731
1.2713538030741091678 0.023313374819854466857
1.2730649118265648934 0.02331566263472344136
1.2747760205790206189 0.023315673983923267815
1.2764871293314763445 0.023315677627962595048
1.2781982380839320701 0.023315677699826502234
1.2799093468363877957 0.02331567349884572371
1.2816204555888435213 0.023315667717268881431
1.2833315643412992468 0.023315664136775462317
1.2850426730937549724 0.023315664417022190918
1.286753781846210698 0.023315663712421396542
1.2884648905986664236 0.023315662080363404318
1.2901759993511221492 0.023315661392037598243
1.2918871081035778747 0.023315660764981642472
1.2935982168560336003 0.023315659374457387704
1.2953093256084893259 0.023315656586399273464
1.2970204343609450515 0.023315652249474308477
1.298731543113400777 0.023328553244344924639
1.3004426518658565026 0.023370196663292080314
1.3021537606183122282 0.023402359804314015745
1.3038648693707679538 0.023441815982914331051
1.3055759781232236794 0.023482717225313212706
1.3072870868756794049 0.023526967109840916936
1.3089981956281351305 0.023535128064195141168
1.3107093043805908561 0.023537128349058640542
1.3124204131330465817 0.023535698854133511176
1.3141315218855023073 0.0235344357340274285
1.3158426306379580328 0.023533420866380688752
1.3175537393904137584 0.023532624148864096647
1.319264848142869484 0.02353195399446944211
1.3209759568953252096 0.023531322947769005988
1.3226870656477809352 0.02353068347309531308
1.3243981744002366607 0.023589542515230810943
1.3261092831526923863 0.023664915510938334953
1.3278203919051481119 0.023737889988700595217
1.3295315006576038375 0.023743180881707064145
1.331242609410059563 0.023747754131362108082
1.3329537181625152886 0.023753909693740204306
1.3346648269149710142 0.023758992239776149935
1.3363759356674267398 0.023759297420789554645
1.3380870444198824654 0.023759084011703037603
1.3397981531723381909 0.023758832697708211212
1.3415092619247939165 0.023758448900139578913
1.3432203706772496421 0.023757920949622486628
1.3449314794297053677 0.023757313149853465095
1.3466425881821610933 0.023756648285526718589
1.3483536969346168188 0.023765499285734133228
1.3500648056870725444 0.023830757291475164472
1.35177591443952827 0.023887082782353366572
1.3534870231919839956 0.023943414218859881276
1.3551981319444397212 0.023964418216499135811
1.3569092406968954467 0.023965256397386554971
1.3586203494493511723 0.023965263107065478548
1.3603314582018068979 0.023965267526475143162
1.3620425669542626235 0.023965266203127093964
1.363753675706718349 0.023965257363656844447
1.3654647844591740746 0.023965245493028291407
1.3671758932116298002 0.023965237310346318433
1.3688870019640855258 0.023965235258970096766
1.3705981107165412514 0.023965238715201557518
1.3723092194689969769 0.023965247354790251283
1.3740203282214527025 0.023965251038749538215
1.3757314369739084281 0.023965247973317723579
1.3774425457263641537 0.02396524743198377369
1.3791536544788198793 0.023965246893600470474
1.3808647632312756048 0.023998272976351400082
1.3825758719837313304 0.02405031443724100701
1.384286980736187056 0.024099249301581204125
1.3859980894886427816 0.024145367378937621777
1.3877091982410985072 0.024158143544294578137
1.3894203069935542327 0.024158137679403619835
1.3911314157460099583 0.024173403330951161866
1.3928425244984656839 0.024173533370150650235
1.3945536332509214095 0.024173683224900838901
1.396264742003377135 0.024173844874352527767
1.3979758507558328606 0.024173973599041793242
1.3996869595082885862 0.024174102070078487547
1.4013980682607443118 0.024174228996598951663
1.4031091770132000374 0.024174353287563329906
1.4048202857656557629 0.024174475603089860126
1.4065313945181114885 0.024174598134209798056
1.4082425032705672141 0.024174722333213854997
1.4099536120230229397 0.024203230137313232889
1.4116647207754786653 0.024251553945515719884
1.4133758295279343908 0.024311850816603489123
1.4150869382803901164 0.024331802182749162622
1.416798047032845842 0.024342381760601616153
1.4185091557853015676 0.024349447802955764136
1.4202202645377572932 0.024349262694724409933
1.4219313732902130187 0.024348878395474109204
1.4236424820426687443 0.024348365789245367263
1.4253535907951244699 0.024347853821678148295
1.4270646995475801955 0.024347343697452453887
1.4287758083000359211 0.024408837891109751161
1.4304869170524916466 0.024491018451977576709
1.4321980258049473722 0.024497136110429963002
1.4339091345574030978 0.02450526878151780899
1.4356202433098588234 0.024513715555205525809
1.4373313520623145489 0.02451588746974875388
1.4390424608147702745 0.024515907728001763016
1.4407535695672260001 0.024515558696946639083
1.4424646783196817257 0.024514651336453308073
1.4441757870721374513 0.024513478879402941096
1.4458868958245931768 0.024512463177814285825
1.4475980045770489024 0.024559056233361964416
1.449309113329504628 0.024642023516851099124
1.4510202220819603536 0.024667727768595788113
1.4527313308344160792 0.024667867212283547951
1.4544424395868718047 0.024667869870461375109
1.4561535483393275303 0.024667865496529776254
1.4578646570917832559 0.0246678573223725571
1.4595757658442389815 0.024667848337751704241
1.4612868745966947071 0.024667839376359787518
1.4629979833491504326 0.024667828725725187561
1.4647090921016061582 0.024667816265941229503
1.4664202008540618838 0.024667801549470572825
1.4681313096065176094 0.024667781035646138554
1.4698424183589733349 0.024667768980124505501
1.4715535271114290605 0.024682898031427938368
1.4732646358638847861 0.024746613327285168354
1.4749757446163405117 0.024793418006192950026
1.4766868533687962373 0.024793469338938375901
1.4783979621212519628 0.024793460404926630225
1.4801090708737076884 0.024793456543347597992
1.481820179626163414 0.024793463347506938116
1.4835312883786191396 0.024793475811034790257
1.4852423971310748652 0.024793485159286143826
1.4869535058835305907 0.024793470958679026533
1.4886646146359863163 0.024793470380229710309
1.4903757233884420419 0.02479346985867924083
1.4920868321408977675 0.024793469693866199144
1.4937979408933534931 0.024846547246566409728
1.4955090496458092186 0.024909426230653765322
1.4972201583982649442 0.024926871378500040088
1.4989312671507206698 0.024926870926083980612
1.5006423759031763954 0.02492686735807777762
1.5023534846556321209 0.024926865865789890608
1.5040645934080878465 0.024926865304847816568
1.5057757021605435721 0.024926864632372355834
1.5074868109129992977 0.024926864035271577291
1.5091979196654550233 0.024943254911679448721
1.5109090284179107488 0.024986245724052631029
1.5126201371703664744 0.025018126860033823577
1.5143312459228222 0.025042277195740380441
1.5160423546752779256 0.025042185161963194384
1.5177534634277336512 0.025042094074383007551
1.5194645721801893767 0.025042004820810686433
1.5211756809326451023 0.025041917073560068102
1.5228867896851008279 0.025041828875166177726
1.5245978984375565535 0.025098197956951617815
1.5263090071900122791 0.025131633411656834065
1.5280201159424680046 0.025138866513675396652
1.5297312246949237302 0.025138763540157677001
1.5314423334473794558 0.025138660270113372813
1.5331534421998351814 0.025185912165985341327
1.5348645509522909069 0.025207472603401261113
1.5365756597047466325 0.025216235041006000717
1.5382867684572023581 0.025215975777700620764
1.5399978772096580837 0.025276918749567299505
1.5417089859621138093 0.025291611720139148267
1.5434200947145695348 0.025291513899836290391
1.5451312034670252604 0.025347201293934980282
1.546842312219480986 0.025347454321794297971
1.5485534209719367116 0.025347210585681907713
